37809
37810
37811
37813
37814
37818
37819
37820
37821
37825
37826
37828
37829
37830
37840
37841
37843
37845
37846
37847
37848
37849
37851
37852
37853
37854
37857
37860
37861
37862
37863
37865
37866
37869
37870
37871
37872
37873
37874
37876
37877
37878
37879
37880
37881
37882
37885
37886
37887
37888
37890
37891
37892
37902
37909
37912
37914
37915
37916
37917
37918
37919
37920
37921
37922
37923
37924
37931
37932
37934
37938
38001
38002
38004
38006
38007
38008
38011
38012
38015
38016
38017
38018
38019
38021
38023
38024
38028
38029
38030
38034
38036
38037
38039
38040
38041
38042
38044
38046
38047
38049
38050
38052
38053
38054
38057
38058
38059
38060
38061
38063
38066
38067
38068
38069
38070
38075
38076
38077
38079
38080
38103
38104
38105
38106
38107
38108
38109
38111
38112
38114
38115
38116
38117
38118
38119
38120
38122
38125
38126
38127
38128
38131
38132
38133
38134
38135
38138
38139
38141
38152
38201
38220
38221
38222
38224
38225
38226
38229
38230
38231
38232
38233
38235
38236
38237
38240
38241
38242
38251
38253
38254
38255
38256
38257
38258
38259
38260
38261
38301
38305
38310
38311
38313
38315
38316
38317
38318
38320
38321
38326
38327
38328
38329
38330
38332
38333
38334
38337
38339
38340
38341
38342
38343
38344
38345
38347
38348
38351
38352
38355
38356
38357
38358
38359
38361
38362
38363
38365
38366
38367
38368
38369
38370
38371
38372
38374
38375
38376
38379
38380
38381
38382
38387
38388
38390
38391
38392
38401
38425
38449
38450
38451
38452
38453
38454
38455
38456
38457
38459
38460
38461
38462
38463
38464
38468
38469
38471
38472
38473
38474
38475
38476
38477
38478
38481
38482
38483
38485
38486
38487
38488
38501
38504
38505
38506
38541
38542
38543
38544
38545
38547
38548
38549
38551
38552
38553
38554
38555
38556
38558
38559
38560
38562
38563
38564
38565
38567
38568
38569
38570
38571
38572
38573
38574
38575
38577
38578
38579
38580
38581
38582
38583
38585
38587
38588
38589
38601
38603
38606
38610
38611
38614
38617
38618
38619
38620
38621
38622
38623
38625
38626
38627
38629
38630
38631
38632
38633
38635
38637
38639
38641
38642
38643
38644
38645
38646
38647
38650
38651
38652
38654
38655
38658
38659
38661
38663
38664
38665
38666
38668
38670
38671
38672
38673
38674
38676
38677
38680
38683
38685
38701
38702
38703
38704
38720
38721
38722
38723
38725
38726
38730
38731
38732
38736
38737
38738
38740
38744
38745
38746
38748
38749
38751
38753
38754
38756
38759
38760
38761
38762
38764
38765
38767
38768
38769
38771
38772
38773
38774
38778
38781
38801
38804
38821
38824
38826
38827
38828
38829
38833
38834
38838
38841
38843
38844
38846
38847
38848
38849
38850
38851
38852
38855
38856
38857
38858
38859
38860
38862
38863
38864
38865
38866
38868
38869
38870
38871
38873
38876
38878
38879
38901
38913
38914
38915
38916
38917
38920
38921
38922
38923
38924
38925
38927
38928
38929
38930
38940
38941
38943
38944
38945
38946
38947
38948
38949
38950
38951
38952
38953
38954
38957
38958
38961
38962
38963
38964
38965
38966
38967
39038
39039
39040
39041
39042
39044
39045
39046
39047
39051
39054
39056
39057
39059
39061
39062
39063
39066
39067
39069
39071
39073
39074
39078
39079
39082
39083
39086
39088
39090
39092
39094
39095
39096
39097
39108
39110
39111
39113
39114
39115
39116
39117
39119
39120
39140
39144
39145
39146
39149
39150
39152
39153
39154
39156
39157
39159
39160
39162
39166
39167
39168
39169
39170
39174
39175
39176
39177
39179
39180
39183
39189
39191
39192
39193
39194
39201
39202
39203
39204
39206
39208
39209
39211
39212
39213
39216
39217
39218
39232
39269
39272
39301
39305
39307
39309
39320
39322
39323
39325
39326
39327
39328
39330
39332
39335
39336
39337
39338
39339
39341
39342
39345
39346
39347
39348
39350
39352
39354
39355
39356
39358
39359
39360
39361
39362
39363
39364
39365
39366
39367
39401
39402
39406
39421
39422
39423
39425
39426
39427
39428
39429
39437
39439
39440
39443
39451
39452
39455
39456
39459
39461
39462
39464
39465
39466
39470
39474
39475
39476
39477
39478
39479
39480
39481
39482
39483
39501
39503
39507
39520
39525
39530
39531
39532
39534
39540
39553
39556
39560
39561
39562
39563
39564
39565
39567
39571
39572
39573
39574
39576
39577
39581
39601
39629
39630
39631
39633
39635
39638
39641
39643
39645
39647
39648
39652
39653
39654
39656
39657
39661
39662
39663
39664
39665
39666
39667
39668
39669
39701
39702
39705
39730
39735
39736
39737
39739
39740
39741
39743
39744
39745
39746
39747
39750
39751
39752
39755
39756
39759
39760
39762
39766
39767
39769
39771
39772
39773
39776
39813
39815
39817
39819
39823
39824
39825
39826
39827
39828
39834
39836
39837
39840
39841
39842
39845
39846
39851
39854
39859
39861
39862
39866
39867
39870
39877
39885
39886
39897
40003
40004
40006
40007
40008
40009
40010
40011
40012
40013
40014
40019
40020
40022
40023
40025
40026
40031
40033
40036
40037
40040
40041
40045
40046
40047
40048
40049
40050
40051
40052
40055
40056
40057
40058
40059
40060
40062
40063
40065
40067
40068
40069
40070
40071
40075
40076
40077
40078
40104
40107
40108
40109
40110
40111
40115
40117
40118
40119
40121
40140
40142
40143
40144
40145
40146
40150
40152
40155
40157
40160
40161
40162
40165
40170
40171
40175
40176
40177
40178
40202
40203
40204
40205
40206
40207
40208
40209
40210
40211
40212
40213
40214
40215
40216
40217
40218
40219
40220
40222
40223
40228
40229
40231
40241
40242
40243
40245
40258
40272
40280
40291
40299
40310
40311
40312
40313
40316
40322
40324
40328
40330
40334
40336
40337
40339
40342
40346
40347
40348
40350
40351
40353
40356
40358
40359
40360
40361
40363
40370
40371
40372
40374
40376
40379
40380
40383
40385
40387
40390
40391
40402
40403
40404
40409
40419
40422
40434
40437
40440
40442
40444
40445
40447
40448
40456
40460
40461
40464
40468
40472
40475
40481
40484
40486
40489
40502
40503
40504
40505
40506
40507
40508
40509
40510
40511
40513
40514
40515
40516
40517
40601
40604
40701
40729
40734
40737
40740
40741
40743
40744
40759
40763
40769
40771
40801
40806
40807
40808
40810
40813
40815
40816
40818
40819
40820
40823
40824
40826
40827
40828
40829
40830
40831
40840
40843
40844
40845
40847
40849
40854
40855
40856
40858
40862
40863
40865
40868
40870
40873
40874
40902
40903
40906
40913
40914
40915
40921
40923
40927
40935
40939
40940
40941
40943
40946
40949
40953
40958
40962
40964
40965
40972
40977
40979
40982
40983
40988
40995
40997
41001
41002
41003
41004
41005
41006
41007
41008
41010
41011
41014
41015
41016
41017
41018
41030
41031
41033
41034
41035
41039
41040
41041
41042
41043
41044
41045
41046
41048
41049
41051
41052
41055
41056
41059
41062
41063
41064
41071
41073
41074
41075
41076
41080
41083
41085
41086
41091
41092
41093
41094
41095
41097
41098
41099
41101
41102
41121
41124
41129
41132
41135
41139
41141
41142
41143
41144
41146
41149
41159
41164
41166
41168
41169
41171
41174
41175
41179
41180
41183
41189
41201
41203
41204
41214
41216
41219
41222
41224
41226
41230
41231
41232
41234
41238
41240
41250
41254
41255
41256
41257
41260
41262
41263
41264
41265
41267
41268
41271
41274
41301
41311
41314
41317
41332
41339
41348
41352
41360
41365
41366
41367
41385
41390
41397
41408
41421
41425
41464
41465
41472
41501
41503
41512
41513
41514
41517
41519
41522
41524
41526
41527
41528
41531
41534
41535
41537
41538
41539
41540
41543
41544
41547
41548
41553
41554
41555
41557
41558
41559
41560
41562
41563
41564
41566
41567
41568
41571
41572
41601
41602
41603
41604
41605
41606
41607
41612
41615
41616
41619
41621
41622
41630
41631
41632
41635
41636
41640
41642
41643
41645
41647
41649
41650
41653
41655
41659
41660
41663
41666
41667
41669
41701
41712
41713
41714
41719
41721
41722
41723
41725
41727
41729
41731
41735
41739
41740
41745
41746
41749
41751
41754
41759
41760
41762
41763
41764
41766
41772
41773
41774
41775
41776
41777
41804
41810
41812
41815
41817
41819
41821
41822
41824
41825
41826
41828
41831
41832
41833
41834
41835
41836
41837
41838
41839
41840
41843
41844
41845
41847
41848
41849
41855
41858
41859
41861
41862
42001
42003
42020
42021
42022
42023
42024
42025
42027
42028
42029
42031
42032
42035
42036
42037
42038
42039
42040
42041
42044
42045
42047
42048
42049
42050
42051
42053
42054
42055
42056
42058
42060
42061
42064
42066
42069
42071
42076
42078
42079
42081
42082
42083
42085
42086
42087
42088
42101
42102
42103
42104
42120
42122
42123
42124
42127
42129
42130
42133
42134
42140
42141
42151
42153
42154
42156
42157
42159
42160
42163
42164
42166
42167
42170
42171
42202
42204
42206
42207
42210
42211
42214
42215
42217
42220
42223
42232
42234
42236
42240
42254
42256
42259
42261
42262
42265
42266
42273
42274
42275
42276
42280
42285
42286
42301
42303
42320
42321
42322
42323
42324
42325
42326
42327
42328
42330
42332
42333
42337
42338
42339
42343
42344
42345
42347
42348
42349
42350
42351
42352
42354
42355
42356
42361
42366
42367
42368
42369
42370
42371
42372
42374
42376
42378
42404
42406
42408
42409
42410
42411
42413
42420
42431
42436
42437
42440
42441
42442
42445
42450
42451
42452
42453
42455
42456
42458
42459
42461
42462
42463
42464
42501
42503
42516
42518
42519
42528
42533
42539
42541
42544
42553
42565
42566
42567
42602
42603
42629
42631
42633
42634
42635
42638
42642
42647
42649
42653
42701
42712
42713
42715
42716
42717
42718
42721
42722
42724
42726
42728
42729
42732
42733
42740
42741
42743
42746
42748
42749
42753
42754
42757
42758
42762
42764
42765
42776
42782
42784
42788
43001
43002
43003
43004
43005
43006
43008
43009
43010
43011
43013
43014
43015
43016
43017
43019
43021
43022
43023
43025
43026
43028
43029
43030
43031
43032
43033
43035
43036
43037
43040
43044
43045
43046
43050
43054
43055
43056
43060
43061
43062
43064
43065
43066
43067
43068
43070
43071
43072
43074
43076
43077
43078
43080
43081
43082
43084
43085
43101
43102
43103
43105
43106
43107
43109
43110
43111
43112
43113
43115
43116
43117
43119
43123
43125
43126
43127
43128
43130
43135
43136
43137
43138
43140
43142
43143
43144
43145
43146
43147
43148
43149
43150
43151
43152
43153
43154
43155
43156
43157
43158
43160
43162
43164
43201
43202
43203
43204
43205
43206
43207
43209
43210
43211
43212
43213
43214
43215
43217
43219
43220
43221
43222
43223
43224
43227
43228
43229
43230
43231
43232
43235
43240
43302
43310
43311
43314
43315
43316
43317
43318
43319
43320
43321
43322
43323
43324
43326
43330
43331
43332
43333
43334
43336
43337
43338
43340
43341
43342
43343
43344
43345
43347
43348
43351
43356
43357
43358
43359
43360
43402
43403
43406
43407
43408
43410
43412
43413
43416
43420
43430
43431
43432
43433
43434
43435
43437
43438
43439
43440
43442
43443
43445
43446
43447
43449
43450
43451
43452
43456
43457
43458
43460
43462
43463
43464
43465
43466
43467
43468
43469
43501
43502
43504
43505
43506
43511
43512
43515
43516
43517
43518
43519
43521
43522
43523
43524
43525
43526
43527
43528
43529
43531
43532
43533
43534
43535
43536
43537
43540
43541
43542
43543
43545
43547
43548
43549
43551
43553
43554
43555
43556
43557
43558
43560
43565
43566
43567
43569
43570
43571
43604
43605
43606
43607
43608
43609
43610
43611
43612
43613
43614
43615
43616
43617
43619
43620
43623
43701
43711
43713
43716
43717
43718
43719
43720
43721
43722
43723
43724
43725
43727
43728
43730
43731
43732
43733
43734
43735
43736
43738
43739
43740
43746
43747
43748
43749
43750
43754
43755
43756
43758
43759
43760
43761
43762
43764
43766
43767
43768
43771
43772
43773
43777
43778
43779
43780
43782
43783
43786
43787
43788
43793
43802
43804
43805
43811
43812
43821
43822
43824
43830
43832
43836
43837
43840
43842
43843
43844
43845
43901
43902
43903
43905
43906
43907
43908
43910
43912
43913
43914
43915
43917
43920
43925
43926
43927
43928
43930
43931
43932
43933
43934
43935
43938
43939
43940
43942
43943
43944
43945
43946
43947
43948
43950
43951
43952
43953
43961
43962
43963
43964
43967
43968
43970
43971
43972
43973
43974
43976
43977
43983
43985
43986
43988
44001
44003
44004
44010
44011
44012
44017
44021
44022
44023
44024
44026
44028
44030
44032
44035
44039
44040
44041
44044
44045
44046
44047
44048
44049
44050
44052
44053
44054
44055
44056
44057
44060
44062
44064
44065
44067
44070
44072
44074
44076
44077
44080
44081
44082
44084
44085
44086
44087
44089
44090
44092
44093
44094
44095
44099
44101
44102
44103
44104
44105
44106
44107
44108
44109
44110
44111
44112
44113
44114
44115
44116
44117
44118
44119
44120
44121
44122
44123
44124
44125
44126
44127
44128
44129
44130
44131
44132
44133
44134
44135
44136
44137
44138
44139
44140
44141
44142
44143
44144
44145
44146
44147
44149
44201
44202
44203
44212
44214
44215
44216
44217
44221
44223
44224
44230
44231
44233
44234
44235
44236
44240
44241
44243
44250
44251
44253
44254
44255
44256
44260
44262
44264
44265
44266
44270
44272
44273
44274
44275
44276
44278
44280
44281
44285
44286
44287
44288
44301
44302
44303
44304
44305
44306
44307
44308
44310
44311
44312
44313
44314
44319
44320
44321
44333
44401
44402
44403
44404
44405
44406
44408
44410
44411
44412
44413
44417
44418
44420
44423
44425
44427
44428
44429
44430
44431
44432
44436
44437
44438
44439
44440
44441
44442
44443
44444
44445
44446
44449
44450
44451
44452
44454
44455
44460
44470
44471
44473
44481
44483
44484
44485
44490
44491
44493
44502
44503
44504
44505
44506
44507
44509
44510
44511
44512
44514
44515
44601
44606
44607
44608
44609
44610
44611
44612
44613
44614
44615
44618
44620
44621
44622
44624
44625
44626
44627
44628
44629
44632
44633
44634
44637
44638
44640
44641
44643
44644
44645
44646
44647
44651
44652
44653
44654
44656
44657
44659
44661
44662
44663
44666
44667
44669
44670
44671
44672
44675
44676
44677
44678
44680
44681
44682
44683
44685
44687
44688
44689
44690
44691
44693
44695
44697
44699
44702
44703
44704
44705
44706
44707
44708
44709
44710
44714
44718
44720
44721
44730
44802
44804
44805
44807
44809
44811
44813
44814
44815
44816
44817
44818
44820
44822
44824
44825
44826
44827
44828
44830
44833
44836
44837
44838
44839
44840
44841
44842
44843
44844
44846
44847
44849
44850
44851
44853
44854
44855
44856
44857
44859
44861
44864
44865
44866
44867
44870
44874
44875
44878
44880
44881
44882
44883
44887
44889
44890
44901
44902
44903
44904
44905
44906
44907
45001
45002
45003
45005
45011
45013
45014
45015
45030
45032
45033
45034
45036
45039
45040
45041
45042
45044
45050
45051
45052
45053
45054
45056
45062
45064
45065
45066
45067
45068
45069
45070
45101
45102
45103
45106
45107
45111
45112
45113
45115
45118
45120
45121
45122
45123
45130
45131
45132
45133
45135
45140
45142
45144
45146
45147
45148
45150
45152
45153
45154
45155
45156
45157
45158
45159
45160
45162
45164
45166
45167
45168
45169
45171
45172
45174
45176
45177
45202
45203
45204
45205
45206
45207
45208
45209
45211
45212
45213
45214
45215
45216
45217
45218
45219
45220
45223
45224
45225
45226
45227
45229
45230
45231
45232
45233
45236
45237
45238
45239
45240
45241
45242
45243
45244
45245
45246
45247
45248
45249
45251
45252
45255
45301
45302
45303
45304
45305
45306
45307
45308
45309
45310
45311
45312
45314
45315
45316
45317
45318
45319
45320
45321
45322
45323
45324
45325
45326
45327
45328
45330
45331
45332
45333
45334
45335
45336
45337
45338
45339
45340
45341
45342
45344
45345
45346
45347
45348
45349
45350
45351
45352
45353
45354
45356
45358
45359
45360
45361
45362
45363
45365
45368
45369
45370
45371
45372
45373
45377
45378
45380
45381
45382
45383
45384
45385
45387
45388
45389
45390
45402
45403
45404
45405
45406
45409
45410
45414
45415
45416
45417
45419
45420
45424
45426
45428
45429
45430
45431
45432
45433
45434
45439
45440
45449
45458
45459
45502
45503
45504
45505
45506
45601
45612
45613
45614
45616
45617
45618
45619
45620
45621
45622
45623
45624
45628
45629
45630
45631
45634
45636
45638
45640
45642
45644
45645
45646
45647
45648
45650
45651
45652
45653
45654
45656
45657
45658
45659
45660
45661
45662
45663
45669
45671
45672
45673
45674
45678
45679
45680
45681
45682
45684
45685
45686
45688
45690
45692
45693
45694
45695
45696
45697
45698
45701
45710
45711
45714
45715
45716
45719
45721
45723
45724
45727
45729
45732
45734
45735
45740
45741
45742
45743
45744
45745
45746
45750
45760
45761
45764
45766
45767
45768
45769
45770
45771
45772
45773
45775
45776
45778
45779
45780
45782
45784
45786
45787
45788
45789
45801
45804
45805
45806
45807
45808
45809
45810
45812
45813
45814
45816
45817
45819
45820
45821
45822
45826
45827
45828
45830
45831
45832
45833
45835
45836
45838
45840
45841
45843
45844
45845
45846
45849
45850
45851
45853
45854
45855
45856
45858
45859
45860
45861
45862
45863
45864
45865
45866
45867
45868
45869
45870
45871
45872
45873
45874
45875
45876
45877
45879
45880
45881
45882
45883
45884
45885
45886
45887
45888
45889
45890
45891
45894
45895
45896
45897
45898
45899
46001
46011
46012
46013
46016
46017
46030
46031
46032
46033
46034
46035
46036
46037
46038
46039
46040
46041
46044
46045
46047
46048
46049
46050
46051
46052
46055
46056
46057
46058
46060
46062
46063
46064
46065
46068
46069
46070
46071
46072
46074
46075
46076
46077
46103
46104
46105
46106
46107
46110
46111
46112
46113
46115
46117
46118
46120
46121
46122
46123
46124
46125
46126
46127
46128
46130
46131
46133
46135
46140
46142
46143
46144
46146
46147
46148
46149
46150
46151
46155
46156
46157
46158
46160
46161
46162
46163
46164
46165
46166
46167
46168
46171
46172
46173
46175
46176
46180
46181
46182
46183
46184
46186
46201
46202
46203
46204
46205
46208
46214
46216
46217
46218
46219
46220
46221
46222
46224
46225
46226
46227
46228
46229
46231
46234
46235
46236
46237
46239
46240
46241
46250
46254
46256
46259
46260
46268
46278
46280
46290
46301
46303
46304
46307
46310
46311
46312
46319
46320
46321
46322
46323
46324
46327
46340
46341
46342
46345
46346
46347
46348
46349
46350
46356
46360
46365
46366
46368
46371
46373
46374
46375
46376
46377
46379
46381
46382
46383
46385
46390
46391
46392
46393
46394
46402
46403
46404
46405
46406
46407
46408
46409
46410
46501
46502
46504
46506
46507
46508
46510
46511
46514
46516
46517
46524
46526
46528
46530
46531
46532
46534
46536
46537
46538
46539
46540
46542
46543
46544
46545
46550
46552
46553
46554
46555
46556
46561
46562
46563
46565
46567
46570
46571
46573
46574
46580
46582
46590
46595
46601
46613
46614
46615
46616
46617
46619
46628
46635
46637
46701
46702
46703
46704
46705
46706
46710
46711
46714
46721
46723
46725
46730
46731
46732
46733
46737
46738
46740
46741
46742
46743
46745
46746
46747
46748
46750
46755
46759
46760
46761
46763
46764
46765
46766
46767
46770
46771
46772
46773
46774
46776
46777
46779
46781
46783
46784
46785
46786
46787
46788
46791
46792
46793
46794
46795
46797
46798
46799
46802
46803
46804
46805
46806
46807
46808
46809
46814
46815
46816
46818
46819
46825
46835
46845
46901
46902
46910
46911
46913
46914
46915
46917
46919
46920
46922
46923
46926
46928
46929
46930
46931
46932
46933
46936
46938
46939
46940
46941
46943
46946
46947
46950
46951
46952
46953
46957
46958
46959
46960
46961
46962
46967
46968
46970
46974
46975
46978
46979
46982
46984
46985
46986
46987
46988
46989
46990
46991
46992
46994
46996
46998
47001
47003
47006
47010
47011
47012
47016
47017
47018
47020
47022
47023
47024
47025
47030
47031
47032
47034
47035
47036
47037
47038
47040
47041
47042
47043
47060
47102
47104
47106
47108
47110
47111
47112
47114
47115
47116
47117
47118
47119
47120
47122
47123
47124
47125
47126
47129
47130
47135
47136
47137
47138
47140
47141
47142
47143
47145
47147
47150
47160
47161
47162
47163
47164
47165
47166
47167
47170
47172
47175
47177
47201
47203
47220
47223
47224
47226
47227
47229
47230
47231
47232
47234
47235
47240
47243
47244
47246
47247
47250
47260
47263
47264
47265
47270
47272
47273
47274
47280
47281
47282
47283
47302
47303
47304
47305
47306
47320
47324
47325
47326
47327
47330
47331
47334
47335
47336
47337
47338
47339
47340
47341
47342
47344
47345
47346
47348
47351
47352
47353
47354
47355
47356
47357
47358
47359
47360
47361
47362
47367
47368
47369
47371
47373
47374
47380
47381
47382
47383
47384
47385
47386
47387
47388
47390
47393
47394
47396
47401
47403
47404
47405
47406
47408
47420
47421
47424
47427
47429
47431
47432
47433
47434
47436
47437
47438
47441
47443
47446
47448
47449
47451
47452
47453
47454
47455
47456
47457
47458
47459
47460
47462
47464
47465
47467
47468
47469
47470
47471
47501
47512
47513
47514
47515
47516
47519
47520
47521
47522
47523
47524
47525
47527
47528
47529
47531
47532
47535
47536
47537
47541
47542
47546
47550
47551
47552
47553
47557
47558
47561
47562
47564
47567
47568
47574
47575
47576
47577
47578
47579
47580
47581
47584
47585
47586
47588
47590
47591
47596
47597
47598
47601
47610
47611
47612
47613
47615
47616
47619
47620
47630
47631
47633
47634
47635
47637
47638
47639
47640
47648
47649
47654
47660
47665
47666
47670
47683
47708
47710
47711
47712
47713
47714
47715
47720
47725
47802
47803
47804
47805
47807
47809
47832
47833
47834
47836
47837
47838
47840
47841
47842
47846
47847
47848
47849
47850
47853
47854
47855
47857
47858
47859
47860
47861
47862
47863
47865
47866
47868
47869
47871
47872
47874
47876
47879
47880
47881
47882
47884
47885
47901
47904
47905
47906
47907
47909
47916
47917
47918
47920
47921
47922
47923
47924
47925
47926
47928
47929
47930
47932
47933
47940
47941
47942
47943
47944
47946
47948
47949
47950
47951
47952
47954
47955
47957
47958
47959
47960
47963
47964
47965
47966
47967
47968
47969
47970
47971
47974
47975
47977
47978
47980
47981
47982
47983
47987
47989
47990
47991
47992
47993
47994
47995
47997
48001
48002
48003
48005
48006
48009
48014
48015
48017
48021
48022
48023
48025
48026
48027
48028
48030
48032
48033
48034
48035
48036
48038
48039
48040
48041
48042
48043
48044
48045
48047
48048
48049
48050
48051
48054
48059
48060
48062
48063
48064
48065
48066
48067
48069
48070
48071
48072
48073
48074
48075
48076
48079
48080
48081
48082
48083
48084
48085
48088
48089
48091
48092
48093
48094
48095
48096
48097
48098
48101
48103
48104
48105
48108
48109
48111
48114
48116
48117
48118
48120
48122
48124
48125
48126
48127
48128
48130
48131
48133
48134
48135
48137
48138
48139
48140
48141
48143
48144
48145
48146
48150
48152
48154
48157
48158
48159
48160
48161
48162
48164
48165
48166
48167
48168
48169
48170
48173
48174
48176
48177
48178
48179
48180
48182
48183
48184
48185
48186
48187
48188
48189
48190
48191
48192
48193
48195
48197
48198
48201
48202
48203
48204
48205
48206
48207
48208
48209
48210
48211
48212
48213
48214
48215
48216
48217
48218
48219
48220
48221
48223
48224
48225
48226
48227
48228
48229
48230
48233
48234
48235
48236
48237
48238
48239
48240
48242
48243
48301
48302
48304
48306
48307
48309
48310
48312
48313
48314
48315
48316
48317
48320
48322
48323
48324
48326
48327
48328
48329
48331
48334
48335
48336
48340
48341
48342
48346
48348
48350
48353
48356
48357
48359
48360
48362
48363
48367
48370
48371
48374
48375
48377
48380
48381
48382
48383
48386
48390
48393
48397
48401
48411
48412
48413
48414
48415
48416
48417
48418
48419
48420
48421
48422
48423
48426
48427
48428
48429
48430
48432
48433
48434
48435
48436
48437
48438
48439
48440
48441
48442
48444
48445
48446
48449
48450
48451
48453
48454
48455
48456
48457
48458
48460
48461
48462
48463
48464
48465
48466
48467
48468
48469
48470
48471
48472
48473
48475
48476
48502
48503
48504
48505
48506
48507
48509
48519
48529
48532
48551
48553
48554
48601
48602
48603
48604
48607
48609
48610
48611
48612
48613
48614
48615
48616
48617
48618
48619
48621
48622
48623
48624
48625
48626
48627
48628
48629
48630
48631
48632
48633
48634
48635
48636
48637
48638
48640
48642
48647
48649
48650
48651
48652
48653
48654
48655
48656
48657
48658
48659
48661
48662
48667
48701
48703
48705
48706
48708
48710
48720
48721
48722
48723
48724
48725
48726
48727
48728
48729
48730
48731
48732
48733
48734
48735
48737
48738
48739
48740
48741
48742
48743
48744
48745
48746
48747
48748
48749
48750
48754
48755
48756
48757
48759
48760
48761
48762
48763
48765
48766
48767
48768
48770
48801
48806
48807
48808
48809
48811
48813
48815
48816
48817
48818
48819
48820
48821
48822
48823
48825
48827
48829
48831
48832
48834
48835
48836
48837
48838
48840
48841
48842
48843
48845
48846
48847
48848
48849
48850
48851
48852
48853
48854
48855
48856
48857
48858
48860
48861
48864
48865
48866
48867
48870
48871
48872
48873
48874
48875
48876
48877
48878
48879
48880
48881
48883
48884
48885
48886
48888
48889
48890
48891
48892
48893
48894
48895
48896
48897
48906
48910
48911
48912
48915
48917
48933
49001
49002
49004
49006
49007
49008
49009
49010
49011
49012
49013
49014
49015
49017
49021
49022
49024
49026
49027
49028
49029
49030
49031
49032
49033
49034
49036
49037
49038
49040
49042
49043
49045
49046
49047
49048
49050
49051
49052
49053
49055
49056
49057
49058
49060
49061
49064
49065
49066
49067
49068
49070
49071
49072
49073
49074
49075
49076
49078
49079
49080
49082
49083
49084
49085
49087
49088
49089
49090
49091
49092
49093
49094
49095
49096
49097
49098
49099
49101
49102
49103
49104
49106
49107
49111
49112
49113
49115
49116
49117
49119
49120
49125
49126
49127
49128
49129
49130
49201
49202
49203
49220
49221
49224
49227
49228
49229
49230
49232
49233
49234
49235
49236
49237
49238
49240
49241
49242
49245
49246
49247
49248
49249
49250
49251
49252
49253
49254
49255
49256
49259
49261
49262
49263
49264
49265
49266
49267
49268
49269
49270
49271
49272
49274
49276
49277
49279
49282
49283
49284
49285
49286
49287
49288
49289
49301
49302
49303
49304
49305
49306
49307
49309
49310
49312
49315
49316
49318
49319
49320
49321
49322
49323
49325
49326
49327
49328
49329
49330
49331
49332
49333
49335
49336
49337
49338
49339
49340
49341
49342
49343
49344
49345
49346
49347
49348
49349
49401
49402
49403
49404
49405
49406
49408
49410
49411
49412
49415
49417
49418
49419
49420
49421
49423
49424
49425
49426
49428
49431
49434
49435
49436
49437
49440
49441
49442
49444
49445
49446
49448
49449
49450
49451
49452
49453
49454
49455
49456
49457
49458
49459
49460
49461
49464
49503
49504
49505
49506
49507
49508
49509
49512
49519
49525
49534
49544
49546
49548
49601
49611
49612
49613
49614
49615
49616
49617
49618
49619
49620
49621
49622
49623
49625
49626
49627
49628
49629
49630
49631
49632
49633
49634
49635
49636
49637
49638
49639
49640
49642
49643
49644
49645
49646
49648
49649
49650
49651
49653
49654
49655
49656
49657
49659
49660
49663
49664
49665
49666
49667
49668
49670
49674
49675
49676
49677
49679
49680
49682
49683
49684
49686
49688
49689
49690
49701
49705
49706
49707
49709
49710
49712
49713
49715
49716
49717
49718
49719
49720
49721
49722
49724
49725
49726
49727
49728
49729
49730
49733
49735
49736
49738
49740
49743
49744
49745
49746
49747
49748
49749
49751
49752
49753
49755
49756
49757
49759
49760
49762
49764
49765
49766
49768
49769
49770
49774
49775
49776
49777
49779
49780
49781
49782
49783
49788
49791
49793
49795
49796
49799
49801
49802
49805
49806
49807
49808
49812
49814
49815
49816
49817
49818
49819
49820
49821
49822
49825
49826
49827
49829
49831
49833
49834
49835
49836
49837
49838
49839
49840
49841
49847
49848
49849
49852
49853
49854
49855
49858
49861
49862
49863
49864
49866
49868
49870
49871
49872
49873
49874
49876
49877
49878
49879
49880
49881
49883
49884
49885
49886
49887
49891
49892
49893
49894
49895
49896
49901
49902
49903
49905
49908
49910
49911
49912
49913
49915
49916
49917
49918
49919
49920
49921
49922
49925
49927
49929
49930
49931
49934
49935
49938
49942
49945
49946
49947
49948
49950
49952
49953
49955
49958
49959
49960
49961
49962
49963
49965
49967
49968
49969
49970
49971
50001
50002
50003
50005
50006
50007
50008
50009
50010
50011
50012
50014
50020
50021
50022
50023
50025
50026
50027
50028
50029
50032
50033
50034
50035
50036
50038
50039
50041
50042
50044
50046
50047
50048
50049
50050
50051
50052
50054
50055
50056
50057
50058
50060
50061
50062
50063
50064
50065
50066
50067
50068
50069
50070
50071
50072
50073
50074
50075
50076
50078
50101
50102
50103
50104
50105
50106
50107
50108
50109
50111
50112
50115
50116
50117
50118
50119
50120
50122
50123
50124
50125
50126
50127
50128
50129
50130
50131
50132
50133
50134
50135
50136
50138
50139
50140
50141
50142
50143
50144
50146
50147
50148
50149
50150
50151
50153
50154
50155
50156
50157
50158
50160
50161
50162
50163
50164
50165
50166
50167
50168
50169
50170
50171
50173
50174
50201
50206
50207
50208
50210
50211
50212
50213
50214
50216
50217
50218
50219
50220
50222
50223
50225
50226
50227
50228
50229
50230
50231
50232
50233
50234
50235
50236
50237
50238
50239
50240
50242
50243
50244
50246
50247
50248
50249
50250
50251
50252
50254
50255
50256
50257
50258
50261
50262
50263
50264
50265
50266
50268
50271
50272
50273
50274
50275
50276
50277
50278
50309
50310
50311
50312
50313
50314
50315
50316
50317
50319
50320
50321
50322
50323
50324
50325
50327
50401
50420
50421
50423
50424
50426
50428
50430
50431
50432
50433
50434
50435
50436
50438
50439
50440
50441
50444
50446
50447
50448
50449
50450
50451
50452
50453
50454
50455
50456
50457
50458
50459
50460
50461
50464
50465
50466
50467
50468
50469
50470
50471
50472
50473
50475
50476
50477
50478
50479
50480
50482
50483
50484
50501
50510
50511
50514
50515
50516
50517
50518
50519
50520
50521
50522
50523
50524
50525
50527
50528
50529
50530
50531
50532
50533
50535
50536
50538
50539
50540
50541
50542
50543
50544
50545
50546
50548
50551
50554
50556
50557
50558
50559
50560
50561
50562
50563
50565
50566
50567
50568
50569
50570
50571
50573
50574
50575
50576
50577
50578
50579
50581
50582
50583
50585
50586
50588
50590
50591
50593
50594
50595
50597
50598
50599
50601
50602
50603
50604
50605
50606
50607
50609
50611
50612
50613
50616
50619
50620
50621
50622
50624
50625
50626
50627
50628
50629
50630
50632
50633
50634
50635
50636
50638
50641
50642
50643
50644
50645
50647
50648
50650
50651
50652
50653
50654
50655
50658
50659
50660
50662
50664
50665
50666
50667
50668
50669
50670
50671
50672
50673
50674
50675
50676
50677
50680
50681
50682
50701
50702
50703
50707
50801
50830
50833
50835
50836
50837
50839
50840
50841
50842
50843
50845
50846
50847
50848
50849
50851
50853
50854
50857
50858
50859
50860
50861
50862
50863
50864
51001
51002
51003
51004
51005
51006
51007
51008
51009
51010
51011
51012
51014
51016
51018
51019
51020
51022
51023
51024
51025
51026
51027
51028
51029
51030
51031
51033
51034
51035
51036
51037
51038
51039
51040
51041
51044
51046
51047
51048
51049
51050
51051
51052
51053
51054
51055
51056
51058
51060
51061
51062
51063
51101
51103
51104
51105
51106
51108
51109
51111
51201
51230
51231
51232
51234
51235
51237
51238
51239
51240
51241
51242
51243
51244
51245
51246
51247
51248
51249
51250
51301
51331
51333
51334
51338
51341
51342
51343
51345
51346
51347
51350
51351
51354
51355
51357
51358
51360
51363
51364
51365
51366
51401
51430
51431
51433
51436
51439
51440
51441
51442
51443
51444
51445
51446
51447
51448
51449
51450
51451
51453
51454
51455
51458
51459
51461
51462
51463
51465
51466
51467
51501
51503
51510
51520
51521
51523
51525
51526
51527
51528
51529
51530
51531
51532
51533
51534
51535
51536
51537
51540
51541
51542
51543
51544
51545
51546
51548
51549
51550
51551
51552
51553
51554
51555
51556
51557
51558
51559
51560
51561
51562
51563
51564
51565
51566
51570
51571
51572
51573
51575
51576
51577
51578
51579
51601
51630
51631
51632
51636
51637
51638
51639
51640
51645
51646
51647
51648
51649
51650
51652
51653
51654
51656
52001
52002
52003
52030
52031
52032
52033
52035
52037
52038
52039
52040
52041
52042
52043
52044
52045
52046
52047
52048
52049
52050
52052
52053
52054
52057
52060
52064
52065
52066
52068
52069
52070
52072
52073
52074
52076
52077
52078
52079
52101
52132
52133
52134
52135
52136
52140
52141
52142
52144
52146
52147
52151
52154
52155
52156
52157
52158
52159
52160
52161
52162
52163
52164
52165
52166
52168
52169
52170
52171
52172
52175
52201
52202
52203
52205
52206
52207
52208
52209
52210
52211
52212
52213
52214
52215
52216
52217
52218
52219
52220
52221
52222
52223
52224
52225
52227
52228
52229
52231
52232
52233
52235
52236
52237
52240
52241
52242
52245
52246
52247
52248
52249
52251
52253
52254
52255
52257
52301
52302
52305
52306
52307
52308
52309
52310
52312
52313
52314
52315
52316
52317
52318
52320
52321
52322
52323
52324
52325
52326
52327
52328
52329
52330
52332
52333
52334
52335
52336
52337
52338
52339
52340
52341
52342
52345
52346
52347
52348
52349
52351
52352
52353
52354
52355
52356
52358
52359
52361
52362
52401
52402
52403
52404
52405
52411
52501
52530
52531
52533
52534
52535
52536
52537
52540
52542
52543
52544
52548
52549
52550
52551
52552
52553
52554
52555
52556
52557
52560
52561
52563
52565
52566
52567
52569
52570
52571
52572
52573
52574
52576
52577
52580
52581
52583
52584
52585
52586
52588
52590
52591
52593
52594
52595
52601
52619
52620
52621
52623
52624
52625
52626
52627
52630
52632
52635
52637
52638
52639
52640
52641
52644
52645
52646
52647
52649
52650
52651
52653
52654
52655
52656
52657
52658
52659
52660
52701
52720
52721
52722
52726
52727
52728
52729
52730
52731
52732
52737
52738
52739
52742
52745
52746
52747
52748
52749
52750
52751
52752
52753
52754
52755
52756
52757
52758
52760
52761
52765
52766
52767
52768
52769
52772
52773
52774
52776
52777
52778
52801
52802
52803
52804
52806
52807
53001
53002
53003
53004
53005
53006
53007
53010
53011
53012
53013
53014
53015
53016
53017
53018
53019
53020
53021
53022
53023
53024
53027
53029
53031
53032
53033
53034
53035
53036
53037
53038
53039
53040
53042
53044
53045
53046
53047
53048
53049
53050
53051
53057
53058
53059
53061
53063
53065
53066
53069
53070
53072
53073
53074
53075
53076
53078
53079
53080
53081
53083
53085
53086
53088
53089
53090
53091
53092
53093
53094
53095
53097
53098
53103
53104
53105
53108
53110
53114
53115
53118
53119
53120
53121
53122
53125
53126
53128
53129
53130
53132
53137
53139
53140
53142
53143
53144
53146
53147
53149
53150
53151
53153
53154
53156
53158
53167
53168
53170
53172
53177
53178
53179
53181
53182
53183
53184
53185
53186
53188
53189
53190
53191
53192
53195
53202
53203
53204
53205
53206
53207
53208
53209
53210
53211
53212
53213
53214
53215
53216
53217
53218
53219
53220
53221
53222
53223
53224
53225
53226
53227
53228
53233
53235
53295
53402
53403
53404
53405
53406
53501
53502
53503
53504
53505
53506
53507
53508
53510
53511
53515
53516
53517
53518
53520
53521
53522
53523
53525
53526
53527
53528
53529
53530
53531
53532
53533
53534
53536
53537
53538
53540
53541
53543
53544
53545
53546
53548
53549
53550
53551
53553
53554
53555
53556
53557
53558
53559
53560
53561
53562
53563
53565
53566
53569
53570
53571
53572
53573
53574
53575
53576
53577
53578
53579
53580
53581
53582
53583
53585
53586
53587
53588
53589
53590
53593
53594
53597
53598
53599
53702
53703
53704
53705
53706
53711
53713
53714
53715
53716
53717
53718
53719
53726
53792
53801
53802
53803
53804
53805
53806
53807
53808
53809
53810
53811
53813
53816
53817
53818
53820
53821
53825
53826
53827
53901
53910
53911
53913
53916
53919
53920
53922
53923
53924
53925
53926
53928
53929
53930
53931
53932
53933
53934
53935
53936
53937
53939
53941
53943
53944
53946
53947
53948
53949
53950
53951
53952
53953
53954
53955
53956
53959
53960
53961
53963
53964
53965
53968
53969
54001
54002
54003
54004
54005
54006
54007
54009
54011
54013
54014
54015
54016
54017
54020
54021
54022
54023
54024
54025
54026
54027
54028
54082
54101
54102
54103
54104
54106
54107
54110
54111
54112
54113
54114
54115
54119
54120
54121
54123
54124
54125
54126
54127
54128
54129
54130
54135
54136
54137
54138
54139
54140
54141
54143
54149
54150
54151
54153
54154
54155
54156
54157
54159
54160
54161
54162
54165
54166
54169
54170
54171
54173
54174
54175
54177
54180
54201
54202
54204
54205
54207
54208
54209
54210
54211
54212
54213
54214
54216
54217
54220
54227
54228
54229
54230
54232
54234
54235
54241
54245
54246
54247
54301
54302
54303
54304
54307
54311
54313
54401
54403
54405
54406
54407
54408
54409
54410
54411
54412
54413
54414
54416
54417
54418
54420
54421
54422
54423
54424
54425
54426
54427
54428
54430
54433
54435
54436
54437
54440
54441
54442
54443
54446
54447
54448
54449
54450
54451
54452
54454
54455
54456
54457
54458
54459
54460
54462
54463
54465
54466
54467
54469
54470
54471
54473
54474
54475
54476
54479
54480
54481
54482
54484
54485
54486
54487
54488
54489
54490
54491
54493
54494
54495
54498
54499
54501
54511
54512
54513
54514
54515
54517
54519
54520
54521
54524
54525
54526
54527
54529
54530
54531
54534
54536
54537
54538
54539
54540
54541
54542
54545
54546
54547
54548
54550
54552
54554
54555
54556
54557
54558
54559
54560
54561
54562
54563
54564
54565
54566
54568
54601
54603
54610
54611
54612
54613
54614
54615
54616
54618
54619
54621
54622
54623
54624
54625
54626
54627
54628
54629
54630
54631
54632
54634
54635
54636
54637
54638
54639
54641
54642
54643
54644
54645
54646
54648
54650
54651
54652
54653
54654
54655
54656
54657
54658
54659
54660
54661
54664
54665
54666
54667
54669
54670
54701
54703
54720
54721
54722
54723
54724
54725
54726
54727
54728
54729
54730
54731
54732
54733
54734
54736
54737
54738
54739
54740
54741
54742
54745
54746
54747
54748
54749
54750
54751
54754
54755
54756
54757
54758
54759
54760
54761
54762
54763
54765
54766
54767
54768
54769
54770
54771
54772
54773
54801
54805
54806
54810
54812
54813
54814
54817
54819
54820
54821
54822
54824
54826
54827
54828
54829
54830
54832
54835
54836
54837
54838
54839
54840
54841
54842
54843
54844
54845
54846
54847
54848
54849
54850
54853
54854
54855
54856
54857
54858
54859
54861
54862
54864
54865
54867
54868
54870
54871
54872
54873
54874
54875
54876
54880
54888
54889
54891
54893
54895
54896
54901
54902
54904
54909
54911
54913
54914
54915
54921
54922
54923
54927
54928
54929
54930
54931
54932
54933
54935
54937
54940
54941
54942
54943
54944
54945
54946
54947
54948
54949
54950
54952
54956
54960
54961
54962
54963
54964
54965
54966
54967
54968
54970
54971
54974
54977
54979
54980
54981
54982
54983
54984
54985
54986
55001
55003
55005
55006
55007
55008
55009
55011
55012
55013
55014
55016
55017
55018
55019
55020
55021
55024
55025
55026
55027
55029
55030
55031
55032
55033
55036
55037
55038
55040
55041
55042
55043
55044
55045
55046
55047
55049
55051
55052
55053
55054
55055
55056
55057
55060
55063
55065
55066
55068
55069
55070
55071
55072
55073
55074
55075
55076
55077
55079
55080
55082
55084
55085
55087
55088
55089
55090
55092
55101
55102
55103
55104
55105
55106
55107
55108
55109
55110
55111
55112
55113
55114
55115
55116
55117
55118
55119
55120
55121
55122
55123
55124
55125
55126
55127
55128
55129
55130
55150
55155
55301
55302
55303
55304
55305
55306
55307
55308
55309
55310
55311
55312
55313
55314
55315
55316
55317
55318
55319
55320
55321
55322
55324
55325
55327
55328
55329
55330
55331
55332
55333
55334
55335
55336
55337
55338
55339
55340
55341
55342
55343
55344
55345
55346
55347
55349
55350
55352
55353
55354
55355
55356
55357
55358
55359
55360
55362
55363
55364
55366
55367
55368
55369
55370
55371
55372
55373
55374
55375
55376
55378
55379
55381
55382
55384
55385
55386
55387
55388
55389
55390
55391
55395
55396
55397
55398
55401
55402
55403
55404
55405
55406
55407
55408
55409
55410
55411
55412
55413
55414
55415
55416
55417
55418
55419
55420
55421
55422
55423
55424
55425
55426
55427
55428
55429
55430
55431
55432
55433
55434
55435
55436
55437
55438
55439
55441
55442
55443
55444
55445
55446
55447
55448
55449
55450
55454
55455
55601
55602
55603
55604
55605
55606
55607
55609
55612
55613
55614
55615
55616
55702
55703
55704
55705
55706
55707
55708
55709
55710
55711
55712
55713
55716
55717
55718
55719
55720
55721
55722
55723
55724
55725
55726
55731
55732
55733
55734
55735
55736
55738
55741
55742
55744
55746
55748
55749
55750
55751
55752
55753
55756
55757
55758
55760
55763
55764
55765
55766
55767
55768
55769
55771
55772
55775
55779
55780
55781
55782
55783
55784
55785
55786
55787
55790
55792
55793
55795
55797
55798
55802
55803
55804
55805
55806
55807
55808
55810
55811
55812
55814
55901
55902
55904
55905
55906
55909
55910
55912
55917
55918
55919
55920
55921
55922
55923
55924
55925
55926
55927
55929
55931
55932
55933
55934
55935
55936
55939
55940
55941
55943
55944
55945
55946
55947
55949
55950
55951
55952
55953
55954
55955
55956
55957
55959
55960
55961
55962
55963
55964
55965
55967
55968
55969
55970
55971
55972
55973
55974
55975
55976
55977
55979
55981
55982
55983
55985
55987
55990
55991
55992
56001
56003
56007
56009
56010
56011
56013
56014
56016
56017
56019
56020
56021
56022
56023
56024
56025
56026
56027
56028
56029
56031
56032
56033
56034
56035
56036
56037
56039
56041
56042
56043
56044
56045
56046
56047
56048
56050
56051
56052
56054
56055
56056
56057
56058
56060
56062
56063
56065
56068
56069
56071
56072
56073
56074
56075
56078
56080
56081
56082
56083
56085
56087
56088
56089
56090
56091
56093
56096
56097
56098
56101
56110
56111
56113
56114
56115
56116
56117
56118
56119
56120
56121
56122
56123
56125
56127
56128
56129
56131
56132
56134
56136
56137
56138
56139
56140
56141
56142
56143
56144
56145
56146
56147
56149
56150
56151
56152
56153
56155
56156
56157
56158
56159
56160
56161
56162
56164
56165
56166
56167
56168
56169
56170
56171
56172
56173
56174
56175
56176
56178
56180
56181
56183
56185
56186
56187
56201
56207
56208
56209
56210
56211
56212
56214
56215
56216
56218
56219
56220
56221
56222
56223
56224
56225
56226
56227
56228
56229
56230
56231
56232
56235
56236
56237
56239
56240
56241
56243
56244
56245
56248
56249
56251
56252
56253
56255
56256
56257
56258
56260
56262
56263
56264
56265
56266
56267
56270
56271
56273
56274
56276
56277
56278
56279
56280
56281
56282
56283
56284
56285
56287
56288
56289
56291
56292
56293
56294
56295
56296
56297
56301
56303
56304
56307
56308
56309
56310
56311
56312
56313
56314
56315
56316
56318
56319
56320
56321
56323
56324
56325
56326
56327
56328
56329
56330
56331
56332
56334
56335
56336
56338
56339
56340
56342
56343
56345
56347
56349
56350
56352
56353
56354
56355
56356
56357
56358
56359
56360
56361
56362
56363
56364
56367
56368
56369
56371
56373
56374
56375
56376
56377
56378
56379
56381
56382
56384
56385
56386
56387
56389
56401
56425
56431
56433
56434
56435
56436
56437
56438
56440
56441
56442
56443
56444
56446
56447
56448
56449
56450
56452
56453
56455
56456
56458
56461
56464
56465
56466
56467
56468
56469
56470
56472
56473
56474
56475
56477
56479
56481
56482
56484
56501
56510
56511
56514
56515
56516
56517
56518
56519
56520
56521
56522
56523
56524
56525
56527
56528
56529
56531
56533
56534
56535
56536
56537
56540
56541
56542
56543
56544
56545
56546
56547
56548
56549
56550
56551
56552
56553
56554
56556
56557
56560
56565
56566
56567
56568
56569
56570
56571
56572
56573
56574
56575
56576
56577
56578
56579
56580
56581
56583
56584
56585
56586
56587
56588
56589
56590
56591
56592
56593
56594
56601
56621
56623
56626
56627
56628
56629
56630
56633
56634
56636
56637
56639
56641
56644
56646
56647
56649
56650
56651
56652
56653
56654
56655
56657
56658
56659
56660
56661
56662
56663
56666
56667
56668
56669
56670
56671
56672
56673
56676
56678
56680
56681
56683
56684
56685
56686
56687
56688
56701
56710
56711
56713
56714
56715
56716
56720
56721
56722
56723
56724
56725
56726
56727
56728
56729
56731
56732
56733
56734
56735
56736
56737
56738
56741
56742
56744
56748
56750
56751
56754
56755
56756
56757
56758
56759
56760
56761
56762
56763
57001
57002
57003
57004
57005
57006
57010
57012
57013
57014
57015
57016
57017
57018
57020
57021
57022
57024
57025
57026
57027
57028
57029
57030
57031
57032
57033
57034
57035
57036
57037
57038
57039
57040
57041
57042
57043
57045
57046
57047
57048
57049
57050
57051
57052
57053
57054
57055
57057
57058
57059
57061
57062
57063
57064
57065
57066
57067
57068
57069
57070
57071
57072
57073
57075
57076
57077
57078
57103
57104
57105
57106
57107
57108
57110
57117
57197
57201
57212
57213
57214
57216
57217
57218
57219
57220
57221
57223
57224
57225
57226
57227
57231
57232
57233
57234
57235
57236
57237
57238
57239
57241
57242
57243
57245
57246
57247
57248
57249
57251
57252
57255
57256
57257
57258
57259
57260
57261
57262
57263
57264
57265
57266
57268
57269
57270
57271
57272
57273
57274
57276
57278
57279
57301
57311
57312
57313
57314
57315
57317
57319
57321
57322
57323
57324
57325
57328
57329
57330
57331
57332
57334
57335
57337
57339
57340
57341
57342
57344
57345
57346
57348
57349
57350
57353
57355
57356
57358
57359
57361
57362
57363
57364
57365
57366
57367
57368
57369
57370
57371
57373
57374
57375
57376
57379
57380
57381
57382
57383
57384
57385
57386
57401
57420
57421
57422
57424
57426
57427
57428
57429
57430
57432
57433
57434
57435
57436
57437
57438
57439
57440
57441
57442
57445
57446
57448
57449
57450
57451
57452
57454
57455
57456
57457
57460
57461
57465
57466
57467
57468
57469
57470
57471
57472
57473
57474
57475
57476
57477
57479
57481
57501
57520
57521
57522
57523
57528
57529
57531
57532
57533
57534
57536
57537
57538
57540
57541
57543
57544
57547
57548
57551
57552
57553
57555
57559
57560
57562
57563
57564
57566
57567
57568
57569
57570
57571
57572
57574
57576
57577
57579
57580
57584
57585
57601
57620
57621
57622
57623
57625
57626
57630
57631
57632
57633
57634
57636
57638
57639
57640
57641
57642
57644
57645
57646
57648
57649
57650
57651
57652
57656
57657
57658
57660
57661
57701
57702
57703
57706
57714
57716
57717
57718
57719
57720
57722
57724
57725
57730
57732
57735
57738
57741
57744
57745
57747
57748
57750
57751
57752
57754
57755
57756
57758
57759
57760
57761
57762
57763
57764
57766
57767
57769
57770
57772
57773
57775
57776
57779
57780
57782
57783
57785
57787
57788
57790
57791
57792
57793
57794
57799
58001
58002
58004
58005
58006
58007
58008
58009
58011
58012
58013
58015
58016
58017
58018
58021
58027
58029
58030
58031
58032
58033
58035
58036
58038
58040
58041
58042
58043
58045
58046
58047
58048
58049
58051
58052
58053
58054
58056
58057
58058
58059
58060
58061
58062
58063
58064
58065
58067
58068
58069
58071
58072
58075
58076
58077
58078
58079
58081
58102
58103
58104
58105
58201
58202
58203
58204
58205
58210
58212
58214
58216
58218
58219
58220
58222
58223
58224
58225
58227
58228
58229
58230
58231
58233
58235
58237
58238
58239
58240
58241
58243
58244
58249
58250
58251
58254
58256
58257
58258
58259
58260
58261
58262
58265
58266
58267
58269
58270
58271
58272
58273
58274
58275
58276
58277
58278
58281
58282
58301
58311
58316
58317
58318
58321
58323
58324
58325
58327
58329
58330
58331
58332
58335
58338
58339
58341
58343
58344
58345
58346
58348
58351
58352
58353
58355
58356
58357
58361
58362
58363
58365
58366
58367
58368
58369
58370
58372
58374
58377
58379
58380
58381
58382
58384
58385
58386
58401
58402
58405
58413
58415
58416
58418
58420
58421
58422
58423
58424
58425
58426
58428
58429
58430
58431
58433
58436
58438
58439
58440
58441
58442
58443
58444
58445
58448
58451
58452
58454
58455
58456
58458
58460
58461
58463
58464
58466
58467
58472
58474
58475
58476
58477
58478
58479
58480
58481
58482
58483
58484
58486
58487
58488
58490
58492
58494
58495
58496
58497
58501
58503
58504
58505
58520
58521
58523
58524
58528
58529
58530
58531
58532
58533
58535
58538
58540
58541
58542
58544
58545
58549
58552
58554
58558
58559
58560
58561
58562
58563
58564
58565
58566
58568
58569
58570
58571
58572
58573
58575
58576
58577
58579
58580
58581
58601
58620
58621
58622
58623
58625
58626
58627
58630
58631
58632
58634
58636
58638
58639
58640
58641
58642
58643
58645
58646
58647
58649
58650
58651
58652
58653
58654
58655
58656
58701
58702
58703
58704
58705
58707
58710
58711
58712
58713
58716
58718
58721
58722
58723
58725
58727
58730
58731
58733
58734
58735
58736
58737
58740
58741
58744
58746
58748
58750
58752
58755
58756
58757
58758
58759
58760
58761
58762
58763
58765
58768
58769
58770
58771
58772
58773
58775
58776
58778
58779
58781
58782
58783
58784
58785
58787
58788
58789
58790
58792
58793
58794
58795
58801
58830
58831
58833
58835
58838
58843
58844
58845
58847
58849
58852
58853
58854
58856
59001
59002
59003
59006
59007
59008
59010
59011
59012
59013
59014
59015
59016
59018
59019
59020
59022
59024
59025
59026
59027
59028
59029
59030
59031
59032
59033
59034
59035
59036
59037
59038
59039
59041
59043
59044
59046
59047
59050
59052
59053
59054
59055
59057
59058
59059
59061
59062
59063
59064
59065
59066
59067
59068
59069
59070
59071
59072
59074
59075
59076
59077
59078
59079
59081
59082
59085
59086
59087
59088
59089
59101
59102
59105
59106
59201
59211
59212
59213
59214
59215
59217
59218
59219
59221
59222
59223
59225
59226
59230
59231
59240
59241
59242
59243
59244
59247
59248
59250
59252
59253
59254
59255
59256
59257
59258
59259
59260
59261
59262
59263
59270
59274
59275
59276
59301
59311
59312
59313
59314
59315
59317
59318
59322
59323
59324
59326
59327
59330
59332
59333
59336
59337
59338
59339
59343
59344
59347
59349
59351
59353
59354
59401
59404
59405
59410
59411
59412
59414
59416
59417
59418
59419
59420
59421
59422
59424
59425
59427
59430
59432
59433
59434
59436
59440
59441
59442
59443
59444
59446
59447
59448
59450
59451
59452
59453
59454
59456
59457
59460
59461
59462
59463
59464
59465
59466
59467
59468
59469
59471
59472
59474
59477
59479
59480
59482
59483
59484
59485
59486
59487
59489
59501
59520
59521
59522
59523
59524
59525
59526
59527
59528
59529
59530
59531
59532
59535
59537
59538
59540
59542
59544
59545
59546
59547
59601
59602
59631
59632
59633
59634
59635
59636
59638
59639
59640
59642
59643
59644
59645
59647
59648
59701
59703
59710
59711
59713
59714
59715
59716
59718
59720
59721
59722
59724
59725
59727
59728
59729
59730
59731
59732
59733
59735
59736
59739
59740
59741
59743
59745
59746
59747
59748
59749
59750
59751
59752
59754
59755
59756
59758
59759
59760
59761
59762
59801
59802
59803
59804
59808
59820
59821
59823
59824
59825
59826
59827
59828
59829
59830
59831
59832
59833
59834
59837
59840
59841
59842
59843
59844
59845
59846
59847
59848
59851
59853
59854
59855
59856
59858
59859
59860
59863
59864
59865
59866
59867
59868
59870
59871
59872
59873
59874
59875
59901
59910
59911
59912
59913
59914
59915
59916
59917
59918
59919
59920
59922
59923
59925
59926
59927
59928
59929
59930
59931
59932
59933
59934
59935
59936
59937
60002
60004
60005
60007
60008
60010
60012
60013
60014
60015
60016
60018
60020
60021
60022
60025
60026
60029
60030
60031
60033
60034
60035
60040
60041
60042
60043
60044
60045
60046
60047
60048
60050
60051
60053
60056
60060
60061
60062
60064
60067
60068
60069
60070
60071
60072
60073
60074
60076
60077
60081
60083
60084
60085
60087
60088
60089
60090
60091
60093
60096
60097
60098
60099
60101
60102
60103
60104
60106
60107
60108
60109
60110
60111
60112
60113
60115
60118
60119
60120
60123
60124
60126
60129
60130
60131
60133
60134
60135
60136
60137
60139
60140
60141
60142
60143
60144
60145
60146
60148
60150
60151
60152
60153
60154
60155
60156
60157
60160
60162
60163
60164
60165
60169
60171
60172
60173
60174
60175
60176
60177
60178
60180
60181
60184
60185
60187
60188
60189
60190
60191
